73.276
75.769
80.489
-14.307
-49.927
-5.052
-81.409
-84.461
-86.600
-90.000
-90.000
-90.000
-91.053
-95.906
102.724
102.995
103.782
104.853
105.005
105.255
106.763
106.768
108.166
109.537
110.120
110.556
110.556
116.565
131.987
136.141
31.032
48.222
48.814
50.757
53.584
54.972
55.149
55.818
56.476
56.768
58.878
59.808
60.007
60.150
60.838
61.431
63.435
65.556
65.865
67.080
68.328
68.771
69.146
69.629
71.565
71.673
72.084
72.229
72.401
73.072
74.568
74.991
75.710
76.490
76.936
77.005
77.376
77.583
78.320
78.524
79.216
79.537
79.579
79.695
79.695
79.951
79.974
81.015
81.254
81.479
81.694
81.703
81.870
82.321
82.666
82.747
82.763
82.999
82.999
83.066
83.157
84.235
84.508
84.623
84.758
84.776
84.776
85.802
85.896
86.424
86.424
86.634
86.820
87.230
87.312
87.320
87.510
88.363
88.418
88.500
88.568
89.061
89.193
90.000
90.000
90.000
90.000
90.000
90.000
90.000
90.000
90.000
90.000
90.000
90.000
90.000
90.000
90.000
90.000
91.198
91.469
92.624
93.191
93.400
93.814
93.933
94.667
95.080
95.102
95.528
96.085
96.710
96.843
97.125
97.595
97.696
97.787
98.130
98.653
98.722
99.019
99.462
